1311076136 2500847442 3664454000 1875330132 4071570339 3883565804 1439680281 307207687 2959833536 3769553068 3901021300 340675011 1015332685 1238933556 1315568235 1459932446 2455082303 2145699231 126688241 1242278943 4265774650 624973798 744090769 3099074374 1413478723 2036850001 3726436495 3773508687 3549107842 2123685324 2877059386 1770229594 4201489805 1106958698 926407136 1601551257 1468361336 3930333987 2440670928 2464904097 1779976178 1934851535 2558951793 1925457538 2960043932 2366250638 339657154 1102555041 2141775459 3972250649
4103721313 3185337415 4292318861 62999721 3933210073 1304505013 3625168372 1227199357 3070707675 424829723 3089246012 1908099685 4009863402 2188023087 3205028695 856430811 3451674203 3031418283 2777566078 439013302 797417872 2947897003 1367851342 2001432325 1005094596 3449802810 505277964 1893418601 1002203434 1000715730 4035831749 3471151616 2144029732 2041512597 319513578 1994711584 800974274 3567940845 3324342713 1490150012 1155598210 443101815 3917396444 1488135098 773664475 1812770730 831499989 3169958413 3363203519 2432009456
2414622761 1769157155 1546439127 4217039236 1007729273 123802775 2991579481 2529121717 2962864302 1947312138 3602347877 1323117104 3786004746 638282479 2421157625 1439962986 3183542732 2461388797 522868255 2563920890 2837285303 3622226113 3275617804 1046054350 3909171900 4049289912 2599435600 3923073311 2524771681 3875530462 3633774155 1703326382 31540911 3839730978 1872690852 462845424 2463945276 1573050490 1211656450 2537607462 303358022 3414136409 712114705 1064878593 3901807316 80715073 1585708036 1937888703 640910201 3371417635
3757143078 1781709681 3381831308 1842547415 2506214966 3674210346 1343681787 3650606351 3026934624 807017289 775170909 3707783880 3027838713 254839139 2687626115 3626447304 2651976962 3171645472 3524338839 3951154150 1999806360 3075133065 82405154 1176982879 88578582 119257411 359079390 3882113165 1113095680 1482596227 4207041602 2588359248 1185420551 906457194 1581353831 4023018279 3634784542 287296487 4188665340 389703489 4232286010 3348730656 827708113 1510020707 2005116992 3831744640 3403250103 1465248681 1706381315 3252779889
943324681 1400645219 1383734877 934132246 2065999775 2978734657 791689504 973504669 3641776386 1707217573 1888880898 1399048241 1718794475 703817157 2989130024 1387216499 4222655635 1575457178 1950084067 348794313 2895633826 3227670216 1943056911 3055036705 2763519715 3542189630 3639656890 1403105925 3542195314 944545808 1753297223 1239398433 2083558356 1188278023 2716782196 2014472496 752528009 2658994382 2447745225 252941925 3692459208 1693011562 3468029080 4138026891 2561005134 2239701891 3860881056 3227008792 3941704585 2534787027
3884805785 4258419743 1675042165 3542066263 3520545883 1833824762 1486220207 2854990754 3529293861 2299577184 2434222034 744156888 1011100191 2884119190 1762846164 3248464677 1213224632 3290274091 3152777698 2713163510 768232685 2600749253 831213631 956655538 1470228110 2232696739 1806011241 634695801 2139816082 464705055 3789724657 1202862030 713656443 1735212374 3015277911 2014598100 190845817 1728171614 1135456821 3332362419 1730485459 708632640 1904684322 2803611070 2071510104 3468089396 1245761111 1671214280 3228342931 484781567
3539740073 2140265037 1645082721 277308513 942540260 2465932947 493518333 1075329874 1770240954 3539555511 1113489027 1225945161 707457098 3668324707 2302919493 538424142 1903810734 2983302798 3060279568 658203334 504956870 876794345 2659032566 1526359855 2408627843 238754625 4159844223 1976066213 2137777691 460486829 1283980715 1707701777 2161420232 2622220318 2830019300 2138524732 4230653507 3655457648 492576220 2769912675 1335307959 3203930615 208953920 3424634122 3534965024 144485417 1976505504 672934796 412622867 3596007711
828904429 1485810793 1321197338 949825557 2686774805 1511805195 1555680877 3716066915 758584468 1580886822 2263306111 2895964351 3764111110 1422655476 605170051 180781222 1721687411 533740938 3034206613 1669775861 1015340725 1031864847 686221375 2878545485 3260325381 1744677823 763023405 3060907885 2614624052 622086736 1257566838 4225049414 420169397 929631926 2351829366 3555009107 3869274142 2733453139 425465636 304166132 2192971432 3651317286 2214280968 2187245564 2142342884 3251101475 2305863622 2805428727 3152860492 1483118143
1757363949 3798127526 3132780659 1837837349 773075462 797275347 4176559695 380647097 2442299208 257979573 4047955042 446239896 2009621883 2571943077 2475829040 3549496254 281792693 2735940462 2690592009 214685958 4146432296 673997927 1259171653 3166514815 639071457 1630102060 1398836134 1615532657 2745962650 1859690035 1941709332 2543058126 1568814047 1051885192 3098832590 2255617846 1030295456 3960509051 4039635605 85690947 2355667189 328189721 3130796842 3353667785 4236319403 4386286 697784509 2029359337 1992666680 3989155175
971531474 2876923260 1017754588 242062965 1681150421 1336646103 262582799 279543481 866356522 2335613625 1016365633 4057454597 456291744 3991745091 4006055432 360634699 352789000 200808426 162490591 881393414 2870010914 1497940857 3919477349 2561490857 3050347395 3457287833 994243569 3110829115 1814763132 426039849 2192374471 2475079504 651516561 1768220623 561619044 308385215 804546572 1755702020 3802446410 2666392449 2040654542 2146819249 2354688869 11857011 576652737 44345514 328353211 3609018136 313781279 3786487257
3337325013 3561554176 1985206506 1395829065 73972727 3744332555 1326445376 3692037775 870579366 2131707651 2540221436 3421999909 3606114746 1771562717 1605894951 1452315854 3829831899 4105920558 2016263441 2786284234 3248786477 2821751467 1019169679 4092758357 1382417180 3980461619 2920782653 856004895 3959132128 2575193619 3772690190 2442877669 1599169179 2045883173 19832371 2395761660 2927784875 1993731711 2178995319 1060123573 865539371 2258484433 736436668 2247089294 4160365535 2898555721 1246117806 3653205635 100206881 2793463616
3418228181 3181056772 797482492 1921718541 522216240 4089323873 3052209595 3147013638 395030468 2729789278 801378161 1571791739 878137973 934925299 1999172982 3918598639 3829595701 727915864 942470107 2815305665 3263092764 2788888959 3330553046 830782814 3563290770 2644367567 326217210 3482732239 1586990233 4156879358 2212454576 1650386561 731139682 4180700855 2920938554 3408005704 1498244932 725300480 1299925636 3686452536 2632986666 2828766262 24314338 309274272 880506510 2868489329 75805510 444622069 2768856777 3764678377
1211543457 1106505669 3980779716 30847169 772601757 3593151747 1775525609 1647605095 698037859 337186164 1790770915 4149777577 1655873727 2294368801 733725300 2582872933 190661325 3568393669 1562924697 2470238411 1214440973 1247949150 3564208200 1557133808 3263395995 1025574794 524181883 4150319774 3962683691 2688176687 1487674479 1238234525 2879321375 1628015378 3131497117 1274671332 2172373979 627341778 2194906732 2461723762 2932196852 3968164917 377765308 36889694 1548471082 1925021435 2006943591 2954275467 1320159501 2879827362
1348313661 1330833280 2127882734 1021699317 929464743 2834668103 1805303529 2249787746 1812595978 2716410368 326222056 3435938398 684202965 1340978674 4269097647 2670259910 481323193 218191333 2779874672 974288943 4013530449 3587766576 94062412 1152943125 911183 2022188311 1488242462 1163182166 783397292 2872977345 3419548288 2600340131 2731270632 2292649756 3274380501 3779278983 1544639907 3909994541 2857746665 3177509606 2100347444 1511678520 339944915 1182457775 284044101 723138156 659522069 3834363483 4055742691 4149550235
1352155138 255842202 2092866415 2840544001 2357344404 2904816213 3159113884 1991326804 2514652485 2821236600 1841862599 2474057983 128888737 2398676882 1546631257 2337043576 2966866445 3400139170 3623593126 836547990 2901434810 1209634632 1950392700 8777054 233075984 933412661 2290075082 88165256 1823003743 706841818 1118900644 2007734282 1910086392 3529740342 2467678285 1929856047 589057464 3155866012 2000722119 985179583 744784704 3130542021 2836455497 1028380201 1962832547 1458259201 1629073956 3599163858 3101807905 3882605765
467636002 1159549757 3456846936 1731199370 2324850196 1340720390 62410401 3731257224 3679109586 2968582079 1944753830 666254938 388565630 3805807132 482019111 1349707029 2564499808 4182556332 2618583242 3945762140 3258997770 2214278060 3310925281 3671248614 1496011544 3326058221 3391017279 1735754448 1005896739 3117490396 2897250230 4199950489 3103628447 2337602356 1060757992 3772010016 1240589393 2592440870 136078775 2273927944 1407465941 619419654 1539136814 1434355280 287970983 231972065 900153849 79265927 3332505874 2396302145
3686020913 3602859943 1873940679 1056222050 1209530639 2833431058 3013792667 1673038610 3456955583 2969578140 2503866980 2005027351 256773076 1075537101 3828953962 3175968130 751986771 3846064576 589705749 2039091029 3136483001 57496373 1351909991 1046917492 990599369 3286133469 264229793 2874952473 148648543 1366506230 2716143498 3713587234 2338677498 182054960 2468331289 3931581419 2086595833 3463702913 2344168189 3767024007 392520496 3594460963 292596216 2530189098 2787919370 612762447 475132035 3052553998 2335715514 2185269127
146396114 860208183 99265328 2351278542 3277854517 204966726 1217772445 2192734255 2337911714 681647494 3837172956 926947260 4176502454 3284773841 59988622 1403922665 2402126799 3379153061 3800552411 445400362 341157824 2694021263 1649053261 2080731836 3600952090 2598624985 1797432450 3471892808 1693323387 4191442539 4056254048 1124387430 1380228473 1290027837 603792252 2969482361 395035623 1316408417 1172568372 1539378241 509585857 1496248565 1756028386 20962460 1712303213 1743990414 3162072261 2962238088 3407988861 1036924112
3984176099 752478859 2072334701 1062869544 3964531073 2801354386 2822660430 2000347430 3059590762 4190397170 3774696972 1278674612 1001503665 231180251 31409143 2345792928 3637570814 1323154956 3897076329 3929040364 3200753239 3310730790 529287907 2280338046 3159556857 4285310703 1787206607 2348023718 2480101623 704166573 3604728071 2969585360 190792590 2448718328 4046379196 2172503298 3339983515 1136920974 545694054 2770229621 786037550 1080270223 1490313299 1909615212 2384290483 2976419135 2559194626 1179348071 695263228 4156972373
152994835 1204013881 50488364 2817923565 1819823102 4266670870 2260140409 203903910 2403304150 3883828149 312546946 3637630777 2830667410 1519275196 4134963299 3615487270 2055846588 731798904 1261107303 2132346338 1462082743 2285414017 42328982 1489174089 2243751408 1740561573 2381611186 502327463 1890437598 2638071028 941627344 456674459 3931568701 4004980296 1387496504 2161732798 935970779 2030732701 3039329846 2541529160 4285990344 1562649041 731449132 2567696791 3386854911 1057613255 1732656210 400805731 2612144599 3230953634
2977551485 1784341348 2637109674 3315820348 955340584 1032615942 569576235 1353533830 2547290156 2932527177 4061798035 1321437679 3938568603 3181655631 1109408993 2592171554 1012825736 3407124333 1660824234 1204596022 4020559154 813903574 3365286250 2895581213 2574753771 803197994 2723651403 3427515270 1169966391 1268163895 3810932117 1803544899 1247526986 3010479679 1806765455 768798796 2339275189 3705555391 2064549401 761609620 1734377542 3192666033 4271873388 1178644679 1588370523 3938705199 1255724841 670956289 1581069723 3276518575
1829162260 3939192001 2888607722 2576359646 720378414 3220701193 3065737878 3066508019 884338885 2662194037 2561605074 2271256861 3412690790 1773937919 334468818 618021536 1699493998 3494740223 2621887371 864610659 440245045 3453554746 3114155979 2786072078 514277002 3224617347 1797719721 830852593 3593432371 158817325 1972435811 1493062906 3221349745 2187543515 1165652652 861535508 1834599524 2211366615 4282928820 678714426 2326209353 1306775880 2480629990 367457166 1185278211 93899421 580953952 4133948606 1419253514 1759399793
2855851587 2984721593 1483185216 3419418049 3032480323 3892971161 1337374193 3205975369 1044739173 236270236 2241717429 2381271369 4177415396 2643322876 2736952027 532355931 2994438345 934768784 2483992444 540626912 3443632741 2551692859 3701153415 3076544189 3194970871 1734510875 2437666106 760137688 1296376972 1473948411 1782208373 2396967363 3587491385 2406809414 811422739 3821209031 2257170301 2516666775 2350329481 2840248170 3164049478 296604390 2426194461 1153323406 2131835557 1293999146 2229189002 180497565 3090715205 3901511222
3635105672 1288991902 1238726446 1784003623 1951640198 523415720 1570885662 561345177 129674192 249318955 1490469589 4273963167 3640389919 1629802096 1450330769 4293961488 1467926103 942214283 1562356460 4206356189 346484295 3928039194 482291827 295256923 3789231739 3118052697 4217541995 3174396460 199735159 2706455953 1417154742 1355369736 904083338 3496294029 693929200 3112597704 1787652743 658129594 1793391608 1010344288 2911869628 1215212813 1381949431 1097646276 2545035010 2141347703 926021630 314849162 770971686 1885233715
2211560088 4157580475 664821292 131740634 1713409240 2686377585 2932997298 884885344 555449939 1841104524 3419521398 813666735 1321949009 3076750515 1642288303 3496249914 3298754925 2691899016 965099287 1379249405 2026969282 3351149611 2418006394 4274400740 1233415014 1494200818 2413958693 2207741440 1357866445 4293396053 3553832149 3852984127 2186877443 3331609044 3823737185 4017354444 1530636340 2735327770 2106471408 3517757060 793865103 1086867570 3048458149 3570015207 1255462782 2256292201 2071020984 3659749518 862558925 909362640
3385458208 1912893924 2755715997 3197982994 2632197594 4260722905 356396853 2714260020 963173634 1970633475 1092982630 282668400 2818605142 3870853611 1679579212 2103164610 271032676 1241213436 3523709065 3519708153 806165210 373907003 3984537836 1107940289 4202067456 557540791 2460348795 726828862 306340631 1753690190 2410121249 2800280421 4048194072 2175354113 1923105308 1949263001 2741184322 2378304144 1079533596 1418790747 722310721 3046095117 3022476553 2408961111 2983391035 2404613339 1245119512 1812603934 411719092 1547163569
2748456767 2018127736 150495743 3511236872 561896129 4022129530 2780007622 3880238416 2620204332 1752721404 547130323 1365745557 515167600 1398811679 431039198 3407222347 1920521384 823609242 2191316034 2419067190 4069040352 3539859994 2968318894 418745063 281165620 1701792087 3635381060 2614016740 743195476 1027273488 3139635272 409894240 2850544018 979231633 2684033706 1156053025 919044855 838574028 548310213 1388235809 3511725391 1239736719 626463056 2348244768 3242657602 3188587210 287099094 1337690543 306958466 3550899883
1366371100 4078201683 940984687 1427842218 1419556373 1928382886 825378966 783454227 1052141614 2223528024 2275907263 4253040687 1403590677 823273406 974073573 1286888167 2711025769 2177898640 3585315381 535163195 1250349488 4056962448 1467502067 633208952 1913687828 970684752 784379727 2815527751 3055918172 3594667564 48931392 265902765 874026851 4243826788 222506895 4212751906 1331543767 1804385038 2032581053 1834028638 1833977243 3483160452 4121049999 2528063911 4253496704 3345028769 2452132947 1156516988 2538297912 3986932897
3952018513 502901973 3650934613 1936508325 671123502 1552503804 1558263373 1745368176 1839619097 406515370 6738190 1021905676 3451726202 4235464879 3128243518 329237839 1652465334 3132854087 2869436254 1244355490 1982875015 293660442 2320027198 3661720581 621511549 955740211 1409218621 3770139149 3435216804 2308929242 4052545528 3071514122 422843164 1395475608 562705430 1324389667 1212196182 3394865263 2306531215 2053313032 3373095599 3788463306 854262411 424114009 2611789832 2661567870 143522917 235625464 3783479345 1328617238
3708380272 3783103525 3252419931 2229997207 2315542238 2518015138 3805141471 1703131438 3504263703 2394364239 2677889681 1734547594 790531909 4230938508 363682789 3769826852 2437250994 3907713192 2815932491 2102501087 266667157 1129169186 3334258267 683086334 2194714433 3816221551 1392368905 2982641628 3186472699 4179381270 111775447 469386478 1716218152 1457598842 2724415208 1551422595 427560985 3802783609 1330901338 455781591 307975276 2587761584 3592811929 1737993707 971996197 1450189426 946368326 2292324136 3758453393 3834880123
997497316 847450269 3599657429 1223093226 4095476023 787318145 930864122 875787205 3866406625 381265135 662874940 1424141994 2598493746 3098272539 3507459637 2702876385 3829859470 3494174381 3391468695 3596991668 1048250163 1707802478 2136872393 4270121002 2079082800 3295388746 1785179482 2066038146 3274047285 2725060282 676741435 1431592821 1093457503 1552491857 4092624609 2589416981 1749781797 2547738562 1176891814 2449571569 524854536 1893813367 2038667287 2294434677 291250616 1171740249 930924583 168448374 3714381926 1866915187
4126804873 745962385 2302733244 1851546848 3361783623 23567602 1207140896 1080121635 2029904554 1471509344 3665788847 2940416999 3485265518 3131538851 2987211834 3003277268 2572424350 3779808467 2775184222 3952747251 3647318078 570375612 1582291848 2620833206 919104215 4009505168 1732676306 1030037609 3359917894 1383015378 334599303 2166416127 1453688070 4246927879 4026216839 2406018638 1040219701 3661735609 842291895 2810245776 103302271 1838584412 3400280634 503094021 3531952066 1392769675 163408280 4153952305 1022842108 257724052
2568490108 659762686 1494867069 182902442 3074596617 3515272672 1663920524 28940951 1728582548 289506856 1076775477 2864870097 1424512725 317113530 599081733 379081783 2336328048 3398067936 3476757487 2440996336 3481847395 1418228894 1717182316 1063370393 4204525265 1910583787 1408193816 383832704 3467186106 4088408501 2258029060 4252067479 2067430189 1475270029 1762204054 2980510284 473726961 1667557306 257839721 402175917 426886771 345973454 4101682068 1408824698 1285081981 1493534451 1299799715 4006283179 1039685290 3149818924
124546893 2580124257 309821619 4084553464 730688525 1986121058 55933401 378793991 1329895811 385731984 3665800385 1137923181 3841777871 2771411468 1194700709 2700416073 1865822774 407721735 367788932 1548610404 452768584 4189539460 2696199556 489976360 4288864363 2433271658 1746592840 202210552 1508831290 3498561497 1699408350 1901913852 437007435 4254808831 3500478476 1551845089 542575039 3235556372 1136095541 3886923959 2518222455 1196036497 3613835601 2836255741 2207840155 926296300 1411640262 1819076646 143485653 3308453313
3924717609 3899209139 3981663198 2328063116 949926113 3646352484 2565182729 2532370360 3054954484 2979659717 3827872403 84532040 151765772 2566921663 3128160542 2267570508 2022901707 4165712445 205247045 4083669805 3849681920 2527223776 895063250 1408815053 1541512088 3978253810 3438484976 3683783531 2801269316 4227347590 1632871560 1737371744 2137831524 1650888093 1099894394 4133507584 2619499462 1072551150 4027568578 750044421 3573496816 694815130 653832231 2404346591 1698686757 3814569744 1379994630 1289741356 2720809855 1859413078
4226910194 3287579857 699036853 185801331 1130922722 3043041099 3028382092 4033600054 3790951503 548456926 2295235467 1077982667 1103739687 1458710010 3743195125 797066523 837189144 4232553074 395624402 2053364209 766478641 3443161156 764829443 4039847323 747632267 1607081632 389037239 2735186303 1129210605 3689234734 1381632714 3150261880 1303451968 907594794 688850345 807435085 261420925 693819625 574599303 2491674981 2963013164 433542544 1853378043 443272495 347624111 1236993732 1791236403 3448032777 838813858 171497356
2057720546 501930840 1793203836 3897213893 1969214074 2949917202 3110649177 118808365 3713783541 1023028867 2948547411 2074154097 1804094600 1577249562 77171460 1939961698 3958659403 1755296364 2444396762 2967277686 3938636695 3089311750 3787448374 343325404 4057322758 2140785548 698827381 2183926809 2728487481 1385669076 259181352 3285567791 2745553424 3163408165 2206715273 1644854572 1731218369 2871575391 3760046846 2993154003 2321702097 1488656637 1195070766 3143383948 2281579103 849061753 931704871 1359068290 126091204 3197219769
1931157429 2735285710 545157275 2500531640 4157475936 2225767728 3211387826 3770258123 1836507166 2189010560 2045890095 2981619833 87134174 3369651749 1242747335 797076019 4164587127 4208728564 4284073101 2765181708 3719148837 3276867140 1647619160 3773532014 566393755 4291494432 767950760 4176059476 3558493127 565268662 650268470 3801790125 4027686680 3139512538 3987999725 582227741 2668057541 749081691 367260715 4039744381 3266868198 1594073829 4276774091 2903809426 3847982550 1042813221 1035384626 2960701671 822296924 2050867206
1490585711 887453168 2795005561 442195260 1194204831 3392948770 3750023973 2671105307 2711947915 332660793 3797386421 1129240890 1140662455 562816777 284445608 1034487803 901035553 2736331600 2562669922 2748863092 3474474431 330254996 3812558329 1555920781 488530182 2153708552 1439697876 1864211802 758620327 986513701 2255976680 223266831 2761383980 3374934217 760195320 4115761931 2604857552 3390821007 3337358655 860398599 1424690083 2016191163 3655465386 4129468303 1093565046 575861589 2329731815 2527018104 1578832257 23130082
2994686254 1025196684 3756713897 3075302678 3371467654 3158542485 1218817874 422146364 3930825629 485242535 2655983566 866040896 1593587168 2053875536 2824533368 178820960 1559769784 3447767782 4107497817 1426004967 2770902310 1345966373 785083549 2382099528 1856993202 2163683580 3447158785 4208695969 1634185009 3292564587 1343412709 2982399305 2045024542 2461529642 4242577267 3973650930 3435633598 268446731 191951714 1135858367 700369426 686739628 859343316 2644411783 2300258206 2159299077 1281602874 438598738 2174307382 19713755
2515549189 1117282468 2404286047 295260384 2956634260 3597743056 1655645593 2517940342 889143693 271947937 936887791 1586947068 190802654 659014638 1559659379 2181530170 2606594452 2858791146 192134853 4033357395 2119761417 1465929829 2741454494 3288170660 4013054897 1715822933 519693187 3922149037 2220670867 2962212125 2711555904 1041809171 3930744359 2562635879 2981275734 1033520783 337742501 1391442198 2826534170 2316246973 853506201 347547016 2562290809 1118732248 1428394046 4127857451 3435833209 3132632918 730575467 2753389302
100703768 1847428343 4293086348 1932884444 796300072 4256224860 450558567 1621558958 3715587393 1266366285 1504132947 4104452841 638720811 2258501340 1004833849 3563172336 3939228725 3270255939 3942760945 2911982702 1511024171 1689361124 2967528515 1834501002 3000585929 2103098349 273630872 2740854859 3495996487 3417716374 2720782807 679908843 2466456875 3127891073 1397997393 1404459046 3149384048 1984709383 2488697349 904492761 1751229378 4281096663 3405055522 4284383313 3640225932 1712904231 4143664102 834835588 2166756224 3281704993
1915655680 2780373772 1860107844 2158390798 1259815146 4275819946 1320282519 3060121639 2200198917 527526698 2854849457 1406465202 3818280731 3419329034 141454902 2848800552 2313903794 1712137005 2504716800 3109864897 3351633318 2474053909 547270631 372808205 3953528142 3087304175 2928729348 1347374363 821935979 17529030 4235140828 1957089674 2647599735 3846663346 3792512597 2282228076 2083492127 3375710934 3372394810 3694779465 1849260530 3012273656 2604095171 2921995728 2732505190 920065655 1096781977 873059607 2980129270 2337489290
1071668086 2441861341 2389724371 640187197 128821862 412928967 3930736052 3163189785 2689641025 542107457 4207287649 2929951901 660549360 1370664833 959084452 3427214375 2822050419 3266555979 1187615453 3160145464 3776261105 4033120562 2251919774 2321232180 3724883736 505923889 3707995777 1387239228 2086835271 1434876380 1303135930 3936186390 1604321899 117724194 1741167126 1461221120 1936704578 1399693466 2525686159 4004103449 2833906873 2144677017 4177167038 3601216405 33615470 2693624778 935172067 1582164237 2290818711 1855477192
793184127 801646720 1565584497 1609803869 2115950347 510947682 3181859900 3286667565 3118930371 148500683 783235448 4154896959 4273535387 568778572 3346346250 1184841048 2418783460 3031836705 2509060113 789492651 2608578 768799500 67078655 4030093051 1758605107 3144911697 976117659 893553740 979277660 1896242663 4090784774 879643747 1029833057 3925406362 879251920 1567487639 481221446 2301573029 3018241064 527566668 2597508650 921773474 1357802206 2491498723 3583190912 4087529228 501265873 2633113432 2231285387 234831936
1361991365 972497217 2283729254 3384229513 3977102266 1496441593 3994188360 3618714472 1240806899 557536516 939082126 116441305 3759283204 3689967750 1812495643 771878408 3723631488 250949502 2448831816 3292174567 297927686 1248271180 3760533249 2911664298 740357177 3402011878 1832589732 1831918442 2388748309 3578968998 3500991275 2461199856 1295704800 3892977276 745367257 1838724299 3731272419 2172656423 4073814094 2667096165 2537144950 3320346700 79139703 3093764844 2056235631 257686131 748544662 948208838 1426435869 2860603701
884958087 2576222076 4137621728 1063982103 3231862049 3082897794 3235377858 1073713337 979125282 567337418 2380308467 3938156686 2847939164 1117731458 187788473 560329997 2284374262 706703594 3048793323 573567731 1699066377 449890813 981826895 1255822663 3856428567 711960983 2254725952 1093608810 3039540025 3877608677 897119794 213518457 3293542942 2989752947 504156913 3092832509 1527377730 3125138850 2831032034 497772778 1712460458 151266112 3857949405 3511983987 2237260693 3496123329 2404981840 2501334946 2513469423 1019468767
1175510272 2027833701 536261935 3829002633 2817913277 1536782052 3104213006 2671684932 2335140077 3768644482 571015394 1108311484 3086466254 3719507935 925895863 880316136 1006961088 2982378736 1819149346 1241456371 3869348031 3588746578 1976000898 1120144760 2531840697 2635390269 2812943974 1978128802 3546772911 3558595871 1832076964 3137945558 2652840791 1085363158 3245456899 2401031217 1734879842 2779875180 3473633795 4196669662 2918511528 2090800658 1591122807 839835984 2825591473 3386606250 3708416945 3704664660 3863469203 804772752
772780414 3386954551 943193047 2930344005 838523556 640080777 2434045031 1624355472 1041488542 2868491320 3169045261 3253353171 2037346998 3134332840 3634931600 1807729840 336286507 109952160 2993645675 753456891 4290890289 1021150142 2514572432 2535762208 323132639 3041600133 1835695135 1323058310 2849277309 831839745 359918985 1392292203 3509832292 1642068604 2458374448 3615175121 2870903543 3541966540 571757078 2988947175 3595765316 1383296912 1887194057 4030620923 694586834 989645729 130004519 2788997492 157681812 3123499980
281249094 4223053538 3474712058 1519373184 1534184164 1443739709 1336177285 3207726274 3591764707 3882150639 1810118366 4293875524 1772375680 1636441634 1107510158 3796692859 2088788445 3164452457 568620289 79078691 3982211700 1903570402 1826452381 4029064848 2447511251 1929200384 739326351 3149587744 1984324640 3750763185 2524917760 2210594849 871885710 2593045382 416802747 3627807305 816766689 2425334907 869116351 2804202748 3586527338 1331505642 1988053259 2034622986 594123601 904483685 1205875387 172799641 753089997 3628866174
3120980150 4245174810 3597667110 1790122629 2660204608 424466768 2324048858 64568063 2983626481 1495293156 1778432142 3262697781 1653413225 1143662036 1009734359 448644836 3711432253 3976996539 2986915434 530316371 2479395698 705071242 2378227864 1616404354 835463856 1353255184 1876523135 2234566663 1295831567 2731252702 3475714469 1033309908 907696786 694034096 1740814850 893196951 1174370228 3081630698 1541339542 3937325928 2549688025 788371756 393490433 71252422 1007677329 1451219528 4287531011 3335867588 663705644 801147399
2907810475 77462322 769761142 3511120443 1849630208 1391087117 946263027 830520144 1667759457 240396184 906897008 266222734 2700322813 936542072 1581620986 2174702218 1524417725 1493828914 733414988 2469797389 2606989720 370323661 2450212175 2470785158 2709032156 4039195202 962490266 3065585790 820059297 2631546777 3640137858 2629076835 4225383226 548668172 489741396 4026815176 1138270832 2564233314 2157748788 3086667662 4021153618 2034586901 2905525912 1773688729 3525851926 1389023708 1432382086 142096709 3835931754 2095289189
659874775 744794855 4090835385 514251740 3298978095 3572256318 1586566974 4256092975 190100387 4055362874 1089169157 4219774433 179762683 2542640748 3809607247 3086182960 3689720981 777711846 2638792250 3700471102 16060682 3341710849 222556356 393241754 1707386000 785675320 2646976918 2639867439 3310262131 456782916 1635415233 3355228341 2066688925 3439420399 1637951977 3466700735 3257578394 3001435746 2619732029 3792985664 2332637038 3141046385 4043704883 3907357782 580325233 494932026 3680634868 3880391716 2739141746 1437645786
1836720345 2951219454 1751939482 1860916197 1339365838 3376856643 2331933366 1213117531 1511791278 1472180248 1696818389 1547033943 1092882960 104320867 3337388706 1318191253 633264248 271034594 4040580141 199307211 2831801203 3669932137 4166244347 1957265710 1200343016 782053529 103677773 2381837105 1120890221 1440786796 44074561 1045783459 1640216206 808345651 2533345304 1425398476 3645666840 3138286468 449811576 4236725250 751336334 3433427455 4031365558 1492736340 1296756401 3480077079 312634497 3011125507 3196097995 1284837187
3668006966 3744641473 560839760 1949726497 2485899681 2597261 2304374414 1381340552 2574640480 1152467153 3440931168 3553564604 4256501307 3663174011 1930207893 608560795 247954830 1876865333 2622043583 1879651059 2494332227 3579506553 1768486063 2476906343 2873480739 1456461878 181673995 2983409629 1255860192 1800336820 1985041323 2017392394 956600304 3396424435 727347516 2717567109 3570190058 1495498329 683808246 2353886708 744442654 2799803908 1087051131 3257788249 101709471 1867020179 3747223083 3690124143 3244269099 740249334
2850914667 536901408 1569691419 3432006855 1127105112 4049091220 1460109781 609923474 1732739358 1916099802 1102100486 1463448136 3897207209 569819784 1947309633 2291430595 1048046067 932022181 2784728005 956484219 3441214148 2839410907 1318907158 1931452640 4166018483 1047252347 1956751428 723241718 2765213137 924839898 4223941318 3760867823 1647567122 1723441580 191762225 1292962991 2828656596 142109850 1622094848 3442600059 2353170479 72888330 1121719812 1744632422 2638218869 2794453258 4041992107 1715813085 3633268790 168487919
1272414889 1596020332 3911897711 4105970250 4216737620 1834041804 4062731796 2267903877 197555989 3522943422 473097805 115250681 882459967 963346964 1772827074 1273773025 2553072229 1759936631 4239283346 1296887759 1733188514 2975688088 121777984 4222041001 1464317690 2646569910 4204275051 2614659506 1270104293 2643059396 2630409901 2997191667 3138020528 1512741817 3165319429 481963339 48879415 3601007221 1975244952 3891128851 694153822 3137793850 490852833 1287318060 3188569295 3927793519 2758583290 2386905573 1233195877 1673562092
2162397625 287942030 2401353823 2177126246 3546649685 1912489034 206666149 1504948575 525012862 2933082516 3455600111 819226012 2275709366 1384565374 3084506786 652343486 1277466605 65433710 3337052861 1214357559 4146040474 3245674835 2041759081 1267463744 37156837 2793093509 4023921202 2692032239 2372794181 1213461818 731198897 1197402539 1536602523 2585576630 1629464573 647305100 2374790240 1958519479 2628430589 1375594513 1160730884 3180001697 647152488 3406113572 2679331501 1657058093 1964460498 1106768612 2821243431 3987324473
3561013383 814235310 4151683155 2672554644 3297117578 4111238275 2787678753 1483441115 2315617640 1217099688 2478122166 4076031974 1942994991 1128995340 983907061 2423286650 2642806321 3146342513 1889233762 1921420500 1617419913 1483798168 2987401410 1096804138 771729060 411142753 3213618978 2222068038 2047992697 3796149608 1395318981 3678071423 1377270039 98798373 3593843913 3926080994 3983398644 495963967 2806686007 1068398275 1557871790 811352714 3732663393 256638017 4093859183 1542787438 1364168787 4090348130 2153496566 251202862
640851354 3156615170 3433063612 2992319134 3730398292 3051997603 2804673618 2848780 4164987040 4253688339 3282179223 4021046055 2156730136 3147383905 3392077587 3216618936 1585732949 2318681708 2824248837 277555809 3377939764 412735671 309284388 1028745707 1993757254 3413176649 1674014154 807754553 1846087018 996817164 1783823803 1828532342 3880399429 1906229514 982674815 1329606470 1973225696 232981030 2807788075 3506300397 3954669656 2301042585 2437873850 1649430449 1644397402 3454937977 2001373005 3993030978 1242985572 3664209831
2913973416 2191610749 2361930143 1855617086 278006174 2297800185 3233602054 2073312628 4168522954 4240159596 1138535100 1180429532 163704377 1718916421 278954870 2038534627 3397328584 3909670049 589878456 3792486537 1227046440 4178343982 970788776 3438607835 3889437662 516366976 2541917683 1290198152 462040646 3972563846 4048554538 1369689060 1206481128 552908281 595219332 3804947040 2407548647 3148168892 686179480 3616222182 307705498 4013461022 2692890522 793483349 4119486760 3279330192 3812839217 109312863 102210145 2474526893
4257578473 3129448974 1480864506 3887514378 397643074 2164281365 595991682 2015320336 2328440367 515686540 1014478827 3611891517 1994208812 225720632 352439835 1994425893 3613259589 2746943147 3097107867 1419361594 3353910341 4145394351 1197505363 712493070 2347824134 1002039797 3093641044 3949816134 3312462791 2666179995 3423198555 3162760406 2611908492 1500481136 3182637504 3886613362 3566617637 1528858718 1072854433 1095522171 1597276540 1077250533 3898316951 1895744899 4012886794 326377029 1600338354 890020747 158646604 1893359286
4171091682 1202427418 1789684058 1016923301 498030840 1903839033 1739577623 523741662 188611609 899032759 2707607308 877126724 749070227 3719499298 3029530539 4030217875 380560993 1329858514 1604755116 3040511715 685546526 2985820748 2775480568 2094219640 3598156200 1945702983 1643634739 785347861 1658581042 3756055051 3156382275 1784778552 532656761 3729380542 1049655097 2150723968 1405938655 1645069110 2606387232 3840432478 3371911708 3182652996 2294089882 4235863438 350617382 1299414508 914873118 92148007 1862134895 3226671263
933625585 878284909 1088080264 4015036074 1796597255 327784341 3348982500 68671603 2231883605 2559524189 1310152344 2783933062 1192355790 2529697870 1932184662 214819896 311174374 1971795833 1672799323 2830305130 3032007948 255169157 2663901264 1412815227 799288626 2069733369 3592246763 600596450 1084506041 1405517913 1086259647 393146565 1792724265 811423231 1220926594 3316854908 2110396997 3916265240 3990023054 3607936564 2073567705 3082861361 3767570194 1493305949 2618473544 115495950 3229393335 1404244300 102929897 2196692715
456364699 3575456753 2087389265 4279477736 4196280336 2018867995 153770060 3999473778 726848496 3405201897 331195936 2167927574 2895556546 39318286 2639975082 2484623570 1909023698 1989950940 925687397 1896851340 3936735656 2058493783 2545884106 2828191034 1483198884 3472327418 3415421088 2553656333 3192640972 3462615217 2020200425 3703761656 861193011 1225535029 518782178 2362486728 815909156 1997292557 604186284 995407403 1424472153 3316337609 1420680997 1028703832 2666024821 1493980923 1936871612 3686997024 290798782 2104803377
47834085 1648669923 546054558 2143329388 2423455624 1171322619 255400685 3148398612 1276769800 106456332 1786349303 508951125 1458695500 3349832306 3303122619 396971250 3078672659 2252222499 1220344018 3459096814 3313900756 820744865 4042911144 3088909797 3588835918 4085646284 3529186370 2985169527 3435316502 3861300335 799958881 1068476689 3708995626 121584491 4091830026 1591278350 1382288717 2772282485 671324286 2910378183 3895597973 1499544646 4040788155 2735825590 2486664619 4066943504 3514402313 903695181 2005637086 3292370279
3635075286 1743769895 1282322186 2721934070 2081486594 3419477977 670329993 4289031843 1794075381 3175651024 2083246146 42668770 2663192879 1540846251 212376606 2185369686 3312093511 1313579794 931814764 4220026935 99388265 1947568177 2280290712 3093074610 3787137449 2243041464 2948956206 4249894148 2159461206 4110717148 596289198 4047040259 4162818270 3581074739 3288956790 3567912663 2247717266 2753319345 1706078773 2594082187 303664480 3339238930 3783615629 4185210090 3718099706 1007545468 1193452130 3584537840 2819400627 3899742048
2224077564 1803048073 2619536011 1678229209 1819504760 1331034057 4254161760 569517323 1406613665 3176817189 761165875 1066785874 1677274760 2271436464 2657110771 3232740409 1411727181 4115266558 1937936097 3122830538 2445335968 2817333722 885562682 1516196256 1392223775 3466467403 107694624 298769122 3330645819 1861487881 175179753 2473919928 2403463173 464569363 3220992387 4000914910 3505084286 2569328566 307468499 2756501735 972687976 2836474693 3208074066 492445458 1484989755 4134758267 2614099046 971735627 4060578224 2243325242
319038639 3577884144 115900819 1051344925 1969236987 3648159875 392665273 1382395445 924580516 541428926 3520966292 893943092 272926042 4253800259 2866016048 1968117625 3866186414 3475600679 2719440464 1870333280 3770036703 718932912 4081345681 3282413862 3768394012 1796527094 2460724232 2746683763 218384882 4068862572 1691630014 2320791536 2579304648 1292147950 1332905688 1695563820 1219081945 3687999983 428311863 258227648 701474127 2988733856 321845016 1239576736 3511279886 1168909508 3780399418 3221126571 1054453857 1750052313
1381891371 4021146962 1525021156 2141725857 412533313 109516559 1082677586 3034036753 3540829561 2108075840 1408296484 1886170481 1093012801 389794255 106652773 1109396853 442783535 2556281496 1780121496 1251575192 2121105069 2695263341 2563468292 656148590 2681829773 1016628166 3980813119 1668418249 2762166601 1033017281 3245529552 2784201463 3803624315 1231479099 3639649366 3039391970 2556161386 1386881129 3720587002 2506978192 3778249494 3130295533 2933953143 3559764063 2690268660 1204221902 3720326034 875365130 1946824532 2938405821
3670438883 733302559 3334562243 3641246069 334912463 2179782754 2324911955 1660929896 1777802195 1839113032 3330224375 4209089321 1901926232 1865979901 3005796945 3082939368 1313267955 341961313 3180060923 195500527 2816558031 470287090 3596077119 2040219251 1245166008 2925529827 1509350527 2718553323 1836318560 3761411336 404687767 185753974 1055075737 518325097 496987721 4128785391 2928015237 3850139961 568878089 1945265876 3187293664 3296478345 3391335037 2731890656 3128610652 492737843 998389451 853345416 4050083597 1747994439
3577630734 3292225086 2677935247 556674330 3956051954 123416804 1474141517 565262210 1861292992 3018997042 2090193709 1513031117 175149244 3115670020 3909968123 2991732722 585963678 2127764389 1930002770 605373088 3733311006 1286992905 2228270154 1423894806 4000243015 284038664 2554535201 2722734946 503806643 3568087853 3344367303 2454661295 1477345511 1661109874 3969043068 22679062 1434073575 3989261017 2444360249 76820265 2169074954 695790708 2402811965 1426521333 2156714190 2906788302 123787340 375228286 1322766935 4025449902
4048657659 3294160266 4057364978 413358021 3996505521 1355807394 2845322020 1892449387 3275620136 3236309231 3692819871 1357298427 3175323001 545638271 3976798293 2697718536 828737407 1948622962 1596201545 1113400455 2869983073 4197459623 3271711345 256217900 479094712 2312981017 566805664 733167839 4230059338 1000133530 3092001836 3019999809 1448255651 493626007 2444374245 222750494 3875412533 4075335798 39133883 3745234983 3066724203 413557853 1671740175 1006452404 1429314718 2885901747 3923095409 218379110 2620250325 182907769
2504562437 1961572691 1794144156 1138314146 1844292643 2083747071 981148408 532635209 509664861 2560857733 2740768603 1303619960 4055973459 2606447330 549825675 3299672169 1184330486 3041880451 2629013418 1755373314 920869526 785476122 3469028519 3382369861 4269063774 1778678442 634392388 3412014780 2243893237 2087262207 1291139956 3655168285 2184112189 2801489020 1687016441 1157902838 362300532 1662417776 789819936 3150771762 1165851452 666581123 1590955535 2480369244 1982509945 3520095471 4142504516 617693183 2055274720 3246215878
3725070316 4245121207 2563248843 1533840857 1358208595 1233602419 3286059143 1326472222 1276709313 1936060303 4054427075 4246302731 3473461431 2697307221 195723997 2583278525 1711447004 2537322165 3431949678 1469784988 1571943772 2277781979 3976977469 618691815 1408462924 3764940788 2266000625 1215326478 3260871775 3305400581 476890085 3559366864 768709124 2248714134 2766447181 4075546569 2669381511 1685758392 1473295467 3797804980 1606594818 1950930539 792724503 2350428976 3553869844 2791002967 3142945781 3546786228 1742378778 3781109850
3464505391 1515109805 4039522163 1696464160 4146160497 2750326469 1555617781 4126661802 1455188626 4164823736 4116925531 1155497698 4209687720 1093302527 1212005117 84811875 887524112 3228577540 99891962 2545245063 3262746302 4261958056 4053088900 2557256636 1779463567 1599250582 4026494347 3874918941 1595742661 1276310829 2806868208 1962563125 2621707093 3167008012 184143342 302643067 1403747034 1008360201 4062821513 4205861031 4066839733 1452809413 3109496665 3746860584 3613501805 2197291678 2901364332 3678128348 4293231747 3150385849
573881188 1879738646 4187311618 3040817151 2040299473 2787684350 221742326 1936341073 1376967728 3560361138 56728898 96445642 2919557299 3235999454 1118891885 3482647467 3900850018 528259944 485271114 2367561824 888724243 2981786554 1854622228 4170435858 2470041013 1228024011 2925165724 3753613770 1857874301 436714188 3187105452 1512561959 717151709 3053972580 1915499767 179803897 126251379 590597547 2043018073 2148702388 654851880 708953241 1460703120 3156029921 882437216 1583918152 310171593 2367751482 783465188 776663297
1148668128 2169808993 2238484705 2604108655 2244976877 2706852141 2714379261 3515844592 81856590 1060313469 260668233 2097739037 3911477936 3123151795 3847804226 1172767385 631823109 2881838479 3365636423 2441591223 2940039077 1559829081 3145887461 1289552730 675836044 3386589567 1444135050 376007246 2512774742 3459693308 3628214203 815270009 1718838434 2884248993 3691525389 1552014292 575479995 2582880184 216960234 331919649 3563756977 958076811 1914521726 644670491 3958683040 378151023 1087649902 822651382 2055801306 2630372359
1290723614 4000521605 2043967789 4259655564 4240638447 3847421104 3779953892 2129432450 1377885431 2041870968 302118751 2069954749 2453400828 3726975511 2515129920 2766773905 3448604498 193326417 3762992115 2686311766 4059696131 903855827 1945011796 1546910348 808861409 3164053092 2968520336 3354175839 1677636831 3501767204 2598782366 466481267 3303443747 2112161252 1188415311 1534964568 2798430211 743261545 2237437616 1302158357 3480766458 1796294269 2376935883 1955782385 3390301796 3298841556 28729605 3994079710 4037690858 2645442619
3202062856 1507044080 1601341173 786552290 928693099 1363855103 398574858 2682817655 3420447632 4027331589 409571797 3020064664 2895657354 3947112419 2061538806 1849240935 3776822966 1157705788 1723632608 2409547836 273092779 4123779402 3061628128 3305352588 2500034447 252946217 1532982399 3677012471 1296472616 3525283015 983848188 3360550784 1746541320 3608232164 2372429462 1301954473 454948292 1653535388 1701621767 2925852896 1854912832 3453691789 1526169148 3080156781 144092525 3023014849 3714025318 1595125181 687081697 2128151875
3256737320 1376553029 2870328285 382905402 2555733063 3661058412 211786161 1907126134 3947964342 1748966304 1443605120 3870612567 79117927 621589937 4128594947 450553971 2912833614 2305636979 4031939012 573565325 1854446926 1088175706 1592534640 2737062953 2394369190 766105668 2046467428 779321005 669058826 1317336438 1870739535 3504469695 249338653 1805338860 285266993 1648418881 928589881 1720256506 3940160134 1953113905 1782906433 1376142698 38387530 539456818 1179064684 2942088838 689455375 1642081800 878598810 1913430500
1354178132 726796159 3126980153 1791985781 2005983282 956526081 3042003527 377006724 3928641753 2561032162 2176286604 285390871 2927907312 3905343549 3475223163 328125666 2001707023 3724962700 922652833 980290801 2531316285 2293975363 1251410450 4274167921 192809720 443605107 4123830917 3616347948 678557110 1688798561 2388842977 3130682924 3987472143 423510188 558263998 4184321250 3808749616 1086804970 413166208 2473800062 1388814149 2910892155 2177283470 3478964714 3684346867 3274253104 1982449864 1443370844 3752281342 2163365262
3991996251 3952854024 2080832595 4106102958 398929513 1514268124 3051507825 1405452710 3357995138 1156175034 1381437807 1429323526 1892728364 145061477 3205236330 970296451 1425225541 2931814773 370492055 2077903992 3126879320 3610555963 3147863894 2096927748 3072426828 2544739946 646857092 2747513292 1597291729 442533627 3058534221 2932472890 3631121960 6664531 2467297083 1732960419 1297489305 3210506956 2569669226 1853302679 3467409536 287670710 4251881914 765850314 19547211 3426024432 2338283212 945718960 2478570295 2682771671
1595227185 900011474 3753526372 2286021236 336991665 1645678069 3573419357 1399676834 919338054 4245205251 2090723648 1878528692 773757716 4223964046 1897270644 2170393539 1114587210 3767356518 2223569120 2629179736 3292302924 1873477353 1257909799 3795766862 151832264 611903523 1379057789 2986714111 3693972191 156610280 1245850301 1545943178 3812791066 36107070 523662435 2690149672 2252963497 767630819 283703953 3942615361 112835284 812789146 1621038869 530048322 1549962486 3777914994 1371831475 1945456169 1751704571 3142884155
3249455126 3728820751 573370085 2651481635 2240437569 72298321 877188747 4183378095 3614113641 134289682 492479138 3634342273 4232368273 171104874 1104499862 3499413568 3899191481 1397556815 689632059 3537862837 2385409150 1346183990 3395093047 3559492069 1849355961 1601807176 456256911 2460476753 654141041 3516003677 3493817572 2936472297 1277466698 2802734681 2811422801 3553954186 3181201838 3285739455 2881140544 3932588480 4234682773 2847223083 3731853855 2746409246 1881612532 1727154237 2434254132 2821953645 3311514242 768720159
2805189877 189930807 3377001090 169112585 1792809263 1983718438 1644928435 1894790551 380339402 1465646137 1650714813 3036459152 3930415604 2300571597 1061633459 1388757435 4257525183 998922843 184280268 3138768854 1433111803 723421269 2645537498 4123597520 235773831 775692946 955730928 1861372704 1310859859 2996265911 3355141739 1203491226 752073315 519467624 2207351485 3230856102 3297029104 495560286 370438643 77359958 4023207831 2560709208 2427373119 4151883612 3053955291 3789254499 121724267 3188530542 2574155946 854378077
129836251 2848082131 2909753478 2016671959 2913740760 2880019611 950602057 2976516046 91577420 3543897250 3238005305 3277124552 2090070463 2138019730 236745955 1848361526 3374484222 1149436964 1787525245 1575955707 3771440355 1397736367 1161585392 2716937664 2046369682 2893056894 1496215288 1525184042 3129228870 3656807703 3176688058 305620735 3088163882 27995326 1464489571 1661993980 245373210 1876993680 253421284 2289357867 4285480618 4284307793 2480677308 572512230 2206347238 703207006 2722676858 255186773 2556557209 1294983471
832241236 3423588323 2443923328 1996294759 2975081413 1928472344 2638864699 1478009954 1086686089 1808572393 3272876309 1832716529 3399064015 2792048815 365532380 1743348729 2820035476 869107112 1404189747 1702099044 3341986512 2227949068 2818722747 552332655 3935742493 1394253374 1184362545 2553052074 935157707 3166316553 1006155512 3327095801 3487899922 1083174912 2176682428 3787807045 1823832383 1323109673 2231333093 584971120 1811610637 3717167697 1698879544 946964957 2035056842 1667389994 1263989498 3447118683 1283205236 2316270953
88088328 3663175894 2806400753 2698785943 2418359163 1066495067 2057242381 1644204805 2956830256 3953065852 1937584614 449134743 2061475077 2640591933 2883534869 2043159903 2723846870 2919650273 1402075451 2535845264 325830845 3505794798 793236940 4041102657 2908583433 2138878596 2363551431 3901899339 1199059579 343633005 3535844061 688144184 4212454609 4013006673 101706984 1964833517 2340780617 3850856060 1488005476 2764936338 2177612559 2023716412 156588842 2973607098 3829363065 1143863396 3496686595 3427349971 3587230599 2252320611
213955716 548890042 1371623296 1323942168 1484217266 2388032354 620982731 347701682 2751061756 4237589990 920730648 2346683551 1279417911 1207337352 1749901143 1938426927 3994238510 1347759033 2605243828 1186684232 1634622992 1088300142 771826568 3365085931 2092885076 2944638055 3733995422 3238621236 1174026088 4282825478 2568998338 3521375963 3204485489 1428353445 3658702784 1745203037 1564062197 435193171 1068983218 2641361280 3291992049 3099113916 2799323095 4127856121 3527035405 2032938034 1131036863 632773962 3799213002 2237079523
2974096464 2744007860 1637419395 1336001401 2239009639 1405408821 2771107964 2419164695 1626604339 3841397886 3473096382 3915942827 296033419 645124056 2268104735 1730599811 2537524279 2677521446 2689408965 1561133299 796289996 3863440247 3123704845 1855919950 379617289 4178520663 1034716670 4248539349 1642225961 3515259943 3547444827 2631103096 920746442 1425849971 3948311162 2835438241 2999695064 471293224 3304567932 704563189 1453524537 3552271930 932614136 3829572824 905816233 2427912805 444378079 385242195 271298271 1843954138
981711623 2426698709 4174974104 4220788229 168737107 3306257198 639877868 3228999948 777990063 1281603054 2631118941 2352658373 1092035853 429062797 2797724557 1576951565 2627790260 2825989204 3870787100 1637315994 2046719482 444417401 379682340 3505941385 382794535 2187907535 304680259 3643623214 229395156 1192208084 1392646046 2136113463 1915287524 44272047 2559042825 2133817708 740346891 3322360950 218731464 622034197 1710142960 2490964254 3211764156 3871467260 1302231072 1962475678 2573809668 1038089605 3570078010 3641036462
3393983569 3407630282 3223364505 130742284 1314710591 544283455 4012035711 1181612667 3439240123 2241101702 2921829237 1177336310 1490248444 171092271 2672523960 4047427989 1589387692 4102293823 1809277291 2521895076 1363571436 3875771191 354539392 496815254 2016119279 4191324563 2468518700 3097579664 1425828044 4091460380 3633881857 2563764080 1064281459 115823195 3414254161 1866173341 759606323 2676559569 1144205576 2542990210 3403197894 150443902 2536419301 2995794395 1709480486 572028981 2157831694 4125234778 827569808 1489049705
1298377974 155464127 2674650154 3293127930 3995366956 970169421 1885789423 1056639202 3442634269 4283362233 753721795 753729096 795086063 2913678762 3833337399 2165596584 3406847288 1799821458 4019764316 668665197 3914752209 3024018102 2605770952 1973855244 990529046 3764911027 2055825581 2521274702 371277110 3844978162 2041831363 1017922413 2205741381 3019208335 3720861702 1623058245 3242985110 1706337492 2428161542 3941402939 2138996972 81612668 2364210955 2783298328 1619258234 702968964 2455271376 1318432116 1612747695 967970847
3040132389 777237235 1368202497 1637385321 1698401460 1427193193 3190395116 2782543117 3507224117 1168038894 1965742531 476147720 2236380766 1717228190 726573233 722380010 1232685458 3394103205 2597294357 3786861613 2128926308 4206053677 1203336654 3596486504 1454475132 1871472028 2393397148 797908839 386428026 4017463733 3744880695 1639435218 3283120360 620502644 6075104 4247233538 4139039688 2469961837 953631551 3930623756 1055002641 4285427969 3408590919 3988411071 2010083074 2278172539 3935490304 2919087404 1520027072 1034672191
1917075631 2894228294 776431476 2571278691 2673279882 2485201024 1497621370 149274635 809995500 1735298694 2525172200 282494915 33091098 551542536 1825103392 3133334721 2917238698 3122784784 2250368811 123784257 4239322992 740933689 3065495026 1103713736 2782211407 3901299963 2733854510 2644665052 1311480526 1147938564 3350928827 2783319891 816263459 4053000378 231261766 1788113428 2053719642 3109226668 1669411041 2165013611 2185396818 3452429613 2435993156 516221516 3688626102 1298970342 2433753755 3207079626 3882641379 4046205439
2650945345 1322337997 2345470136 286059925 4056043357 3795878147 3989420158 1257215227 3065776410 4023764623 1789970795 1319741207 4002281851 1905102612 4140255493 2703206045 2768348546 3650845651 2398998186 963662227 3256251299 1320180827 3372354711 395086730 4001903199 363613140 4071664851 3544908993 3690056784 2819788825 1422237370 1916764862 3147833739 1125829259 3706813071 4031344159 223217731 2938830030 2279086000 2041906996 1637949317 3143725644 3207513561 806767804 3457230095 2176969662 277947370 3760823461 116020358 2849209821
3336352755 648645985 447342808 3394825358 2050451944 1586782007 264232777 1875157836 3102593358 3818467690 167971462 2894552263 1857857040 1393671457 2719142804 1150649059 2944787966 2616455163 3081307488 3499550650 2628128367 738213170 3850414630 3560421553 1503750779 1241251026 695585547 3694259566 1944530634 4064644336 3529211243 2312238945 3869574823 2314613721 1204687288 1787053643 2550363183 2551224324 1574968647 3755952166 903493034 3714196096 3647289012 1177025253 3515582113 3502454034 4048014235 3504633078 2386011642 3238910128
2540868087 704581254 2976242099 3579213977 1798265646 1958578426 1635003911 1171316990 1186630112 61037842 1444205161 26265768 889060141 1958317273 3220714623 2169552502 2828839215 3466148536 2461901870 3644606691 3972682085 2502904928 3527721942 2055443068 2115194253 86532675 1115679041 2400939134 2167188253 1595814045 2852983567 1025017149 3173895760 3635914807 3797755938 1594096499 2668416103 2167768694 3422274608 4194965588 2727487534 2617124914 332694101 3272570990 835238579 1412224690 3497201538 2871073507 1148517220 1565496995
1661353590 1452447431 321967823 2368032009 2000725229 2013031833 1042232965 951638277 1285968963 1470002234 1730545718 4280399662 218053542 4070524474 1945569949 1331768503 32317973 2692195582 1008223950 4036194196 280721146 4151849702 4075608576 782472597 2372957055 4138083258 686367363 843572782 2262286408 2848693731 862450648 3642865611 1799144451 2070037075 882507266 4114157639 3739122992 2134805200 1426054721 131220049 1054391725 761338540 3679491440 2420659463 381385513 2077533259 4088428191 1710127157 523941249 3236356325
